"cluster_1","cluster_2","cluster_3"
0.987007182539773,0.0129916177740713,1.19968615600553e-06
0.601125449651031,0.397840459472664,0.00103409087630564
0.214989616650426,0.778701674688705,0.00630870866086908
0.983200539880604,0.0167983329318378,1.12718755780706e-06
1.30122738523343e-07,0.0113415228584919,0.98865834701877
7.95131302727832e-12,0.000255351283186658,0.999744648708862
0.2099089654051,0.78446211769427,0.00562891690062979
0.000801124933561664,0.515955852171621,0.483243022894817
2.96589104463594e-11,0.000254318433736508,0.999745681536604
0.846225397226172,0.153685932719489,8.86700543395749e-05
1.46915592541364e-09,0.00220348719273152,0.997796511338113
0.982269495179137,0.0177288840527327,1.62076813005023e-06
0.859639157681878,0.140288111187023,7.27311310982201e-05
0.425262863707492,0.573010173637872,0.00172696265463609
8.8721876280383e-07,0.0212662787036337,0.978732834077604
0.82107784972187,0.178725100699496,0.000197049578633733
0.934325133317892,0.0656602077859076,1.46588961999863e-05
0.783458178382561,0.216123558191396,0.000418263426043681
5.28756702060016e-10,0.00188369747493976,0.998116301996304
1.97643069486133e-09,0.00157778826981778,0.998422209753752
0.95314323501638,0.0468451033611061,1.16616225137743e-05
0.0937086877080042,0.890059388740079,0.0162319235519164
0.610880432641511,0.388150952728335,0.000968614630153931
0.87494811674137,0.124961485262766,9.03979958639525e-05
0.0310094102188337,0.928555108519387,0.040435481261779
3.368589886789e-07,0.0240536113348067,0.975946051806205
8.21286287892833e-09,0.00445230226355469,0.995547689523583
0.96169247196089,0.0383015370005688,5.99103854158559e-06
1.40304877097228e-08,0.00523089714221093,0.994769088827301
0.993884275172249,0.00611546083983375,2.63987917793202e-07
0.988936348210857,0.0110631657218241,4.86067319109144e-07
0.987099032648807,0.0129001134353363,8.53915856446946e-07
1.57915785289914e-12,5.27162656626844e-05,0.999947283732758
0.560690690666301,0.438221235695188,0.00108807363851136
0.429341501496196,0.568971966421453,0.0016865320823515
0.978187560095634,0.0218090286665134,3.41123785225953e-06
0.239676918597485,0.748483747144867,0.0118393342576478
0.4697248406683,0.528386927145622,0.00188823218607867
0.879569135724478,0.120387349775442,4.35145000803114e-05
1.0695600131774e-06,0.0402432678709995,0.959755662568987
0.0271034297416914,0.894870703549609,0.0780258667086997
8.08045539199506e-10,0.00155244271713503,0.998447556474819
0.0460890494648345,0.906795511317376,0.0471154392177893
0.98906006688585,0.0109396135753735,3.19538776079335e-07
0.00014917668584393,0.257860860417826,0.74198996289633
0.917106434025451,0.0828556507815299,3.79151930187116e-05
0.945684194983804,0.0543035583925201,1.22466236754674e-05
6.48403248596177e-07,0.031476600600435,0.968522750996316
0.650843828994291,0.348662909776173,0.000493261229535703
2.20186781181754e-07,0.0216766545492655,0.978323125263953
1.45488167868545e-07,0.0142309404585231,0.985768914053309
2.3258356598643e-08,0.00672979549404782,0.993270181247596
5.23779554718641e-08,0.00809580305812948,0.991904144563915
0.996655397967251,0.00334452329465158,7.87380976748574e-08
0.0208778465237064,0.893577232601647,0.0855449208746467
0.394808398869919,0.601591432624988,0.0036001685050926
0.999185612382542,0.000814385010588424,2.60686953620721e-09
0.618868795293856,0.380388440729619,0.000742763976524617
0.183588363577571,0.807042703025729,0.00936893339670037
0.000212212340388594,0.264180345982347,0.735607441677265
0.964383443700884,0.0356098962042444,6.66009487127635e-06
0.999856761833977,0.000143238022063232,1.43959501309261e-10
0.934161601195868,0.0658149124637697,2.34863403621877e-05
7.23810563414077e-06,0.072478487253533,0.927514274640833
0.941896270161771,0.0580896596304065,1.40702078227455e-05
0.0274603323406308,0.914113627708815,0.0584260399505546
3.35660566358209e-05,0.215296504856749,0.784669929086615
0.981718808309982,0.0182788040440395,2.38764597882068e-06
0.683471622039695,0.316064050347811,0.000464327612494068
0.115495408152365,0.871867471961473,0.0126371198861621
0.00270477043918851,0.775130234842172,0.22216499471864
0.0158019528087469,0.888316220842634,0.095881826348619
0.308909949579339,0.687054592075433,0.00403545834522768
0.00016413780076933,0.202915146287171,0.796920715912059
0.0484401377915851,0.922325653908185,0.0292342083002301
0.945396306307965,0.0545815861787552,2.21075132797178e-05
0.0112488707371789,0.86194007941096,0.126811049851861
2.40938393236569e-08,0.00844784268837277,0.991552133217788
3.3586335066351e-11,0.00042985358813906,0.999570146378275
0.000187165174679486,0.250415261463721,0.7493975733616
1.43272396567901e-08,0.00619143209157316,0.993808553581187
0.0376546249846011,0.912846747389274,0.0494986276261255
3.46655928718626e-12,0.00011869082391623,0.999881309172617
1.54955282657149e-08,0.00611052542993813,0.993889459074534
0.846372871964151,0.153538643279739,8.84847561102153e-05
0.000580149339100051,0.524738276293385,0.474681574367515
0.0173828702544639,0.850438990537161,0.132178139208375
0.00284501151820201,0.765025395803146,0.232129592678652
0.00250204878208551,0.727308341921094,0.27018960929682
0.299009012847139,0.695846554586222,0.0051444325666396
0.864775506418208,0.135141550467123,8.29431146687616e-05
0.132745141092003,0.854938926700322,0.0123159322076747
0.177611503482432,0.814043241751415,0.00834525476615309
0.992631516293841,0.00736826889897609,2.14807182674808e-07
0.42552229945547,0.572034735383738,0.00244296516079144
0.211349967674132,0.782175301024335,0.00647473130153359
0.0248616920474684,0.918633893681351,0.0565044142711812
6.2564131874615e-05,0.164948072966907,0.834989362901218
0.806187026789639,0.193665177419245,0.000147795791115709
1.88612905167179e-09,0.00182025985282332,0.998179738261048
6.59769624258184e-10,0.00147717092884496,0.998522828411385
0.000828063075405157,0.543417423838968,0.455754513085626
0.0242732869088005,0.917939983650431,0.0577867294407688
1.71229958310713e-06,0.0405300219912064,0.959468265709211
0.645307141862437,0.353930471346798,0.000762386790764631
0.919038230053761,0.0809117950862309,4.99748600085648e-05
0.266293206631878,0.727394677732992,0.00631211563512997
0.982918238780909,0.0170805954982852,1.16572080540251e-06
1.05934374573942e-10,0.000533901293720753,0.999466098600345
0.00847180294646353,0.815809659321719,0.175718537731817
3.28995378065059e-09,0.00227567635262707,0.997724320357419
0.990421550368139,0.00957808584811123,3.63783749450976e-07
0.982933137406437,0.0170653618870269,1.50070653602345e-06
2.01135226019806e-08,0.0056173457209897,0.994382634165488
0.00131166580397196,0.68270854359302,0.315979790603008
2.50744105127366e-10,0.000700876945553067,0.999299122803703
0.0309947397152964,0.937039114210438,0.0319661460742653
0.000405927280887953,0.386617828155258,0.612976244563854
2.84925074783752e-08,0.00668220440289705,0.993317767104596
0.372429857686571,0.623470991116867,0.0040991511965615
2.56513882228683e-08,0.00535652623115343,0.994643448117458
8.3361838424555e-05,0.21245974621109,0.787456891950485
1.11688297309102e-07,0.0146882245295796,0.985311663782123
2.44172043397346e-06,0.0510462701779439,0.948951288101622
0.894988794062716,0.104948871693382,6.23342439016706e-05
0.000972475172441406,0.592156282901244,0.406871241926315
0.436083281706548,0.562003997215712,0.00191272107773957
0.932137811483611,0.0678491463143919,1.30422019971964e-05
0.013807827356624,0.900741455931796,0.0854507167115804
0.933550701217518,0.0664414270899056,7.87169257650013e-06
0.34084704844706,0.655820584573345,0.00333236697959525
0.00617555929964118,0.796552782509562,0.197271658190797
5.68856137404529e-05,0.258039041794011,0.741904072592249
0.900446358971649,0.0994979533394542,5.5687688896608e-05
0.998612001593822,0.00138799082943833,7.57673918869513e-09
9.65054746819347e-08,0.00977495045977604,0.990224953034749
0.7643023736321,0.235412851896363,0.000284774471537062
0.011119244758929,0.845184982227745,0.143695773013326
0.946740622135414,0.0532442107655768,1.51670990096627e-05
6.9684338909435e-09,0.0031319774602148,0.996868015571351
0.0475485722349041,0.913220418117708,0.0392310096473878
0.000352466371803077,0.461746877412192,0.537900656216005
8.70174788196758e-09,0.0043472305664913,0.995652760731761
0.823244238303005,0.176655653727019,0.000100107969975564
0.932848599066241,0.0671360513988348,1.53495349237613e-05
0.414721288447405,0.583113540582031,0.00216517097056397
0.274489261936082,0.718131882941887,0.00737885512203158
0.998685937689454,0.00131405552000391,6.79054170629275e-09
0.0202338580740183,0.91142375840343,0.0683423835225512
0.000905713737679145,0.558679537878319,0.440414748384001
0.709795718326536,0.28960577388951,0.000598507783953787
0.0322538639966516,0.910283290152931,0.057462845850417
0.976963587813502,0.0230326026762595,3.80951023826322e-06
5.31008956241291e-07,0.030106218201179,0.969893250789865
0.970930272252325,0.0290674296552547,2.29809242016006e-06
0.99816688395585,0.00183309899285223,1.70512972861115e-08
0.153925806319838,0.835920267245159,0.0101539264350025
0.0212121697589701,0.91332513852279,0.0654626917182404
0.880758070164671,0.119190688219125,5.12416162037079e-05
0.982864743715297,0.017133743422031,1.51286267169094e-06
0.852233868139803,0.147698533548473,6.75983117242992e-05
3.05311922948723e-08,0.00730337267097396,0.992696596797834
3.6750250590872e-10,0.00116068648228048,0.998839313150217
0.136232119063975,0.843267715713641,0.0205001652223837
9.05003443408832e-08,0.0132315698828358,0.98676833961682
0.152095066345137,0.830111346914685,0.0177935867401778
5.70008207204994e-07,0.0235900135503196,0.976409416441473
0.0597937612183425,0.904104843212481,0.0361013955691767
0.0432379571257911,0.919238557433687,0.0375234854405222
0.0120891407065489,0.853219001057548,0.134691858235903
0.999807119146345,0.000192880665181505,1.88473333242408e-10
9.1084057504082e-07,0.0483089344774739,0.951690154681951
3.23842883074964e-10,0.00108960078192346,0.998910398894234
8.46024064930151e-09,0.00584671112479545,0.994153280414964
0.027556746736785,0.882632784964077,0.0898104682991384
0.382952806986566,0.614443671528173,0.00260352148526071
0.99857812355767,0.00142186223885899,1.42034708594971e-08
5.23901754080999e-05,0.204170213185048,0.795777396639543
0.992197724003233,0.00780196525577786,3.10740988807627e-07
0.99864203620777,0.0013579508377576,1.29544727735471e-08
0.999822513712342,0.000177486128071624,1.59585954133839e-10
0.95527057386112,0.044714742403231,1.46837356484637e-05
0.0300544057065881,0.886816317527361,0.0831292767660508
0.0468765334001385,0.887179715789117,0.065943750810744
0.373288282642748,0.622632979358966,0.00407873799828605
0.988775645306317,0.0112237093904937,6.45303189491038e-07
0.469256469344546,0.528406673080442,0.00233685757501192
0.88010227620939,0.119783351382173,0.000114372408437246
0.0245711010317163,0.924809109381784,0.0506197895864999
0.00152454113192885,0.57788651665637,0.420588942211701
0.612394225472989,0.386371059209057,0.0012347153179536
0.987531433337136,0.012467769374661,7.97288203064832e-07
3.33106734024437e-05,0.148936312814652,0.851030376511946
0.32443234304472,0.67115684342396,0.00441081353131959
0.175612508306227,0.809724420134188,0.0146630715595849
0.246161894607067,0.744983316850371,0.00885478854256181
2.13472854286758e-09,0.00294120513670027,0.997058792728571
0.0040932879391247,0.760622036703849,0.235284675357026
0.939049030234402,0.0609354402623535,1.55295032441149e-05
0.986504123771222,0.0134949411852405,9.35043537914589e-07
0.415362842354893,0.582046071349345,0.0025910862957619
7.4180334468397e-06,0.0872590504215769,0.912733531544976
0.283250779755473,0.711078235825617,0.00567098441891012
2.7629044647867e-10,0.000908072859122212,0.999091926864587
0.00321532256975582,0.764487641676334,0.23229703575391
2.25734934271824e-08,0.00776542173973242,0.992234555686774
0.877496569466748,0.122449147900525,5.42826327270973e-05
2.61466174281421e-08,0.00640211393603061,0.993597859917352
0.0581117322090015,0.897821520352056,0.0440667474389423
1.75740137258343e-05,0.169184947589488,0.830797478396786
2.29915454797995e-10,0.000602093057158885,0.999397906712926
7.06086098257547e-10,0.00217644824438237,0.997823551049532
1.58432477937155e-08,0.00397218524261293,0.996027798914139
0.891501037370395,0.108464113449828,3.48491797764067e-05
3.55238630873681e-12,7.08234239689833e-05,0.999929176572479
0.269499089550023,0.725345364645107,0.00515554580487024
0.0119503088030345,0.8342499711834,0.153799720013565
4.90837315652479e-06,0.0842122657788752,0.915782825847968
5.35625417367466e-08,0.00915049827927664,0.990849448158182
0.998921048355353,0.00107894346889545,8.17575196783414e-09
3.63555798415516e-05,0.244727317090014,0.755236327330144
0.00235913790930463,0.626043965677252,0.371596896413444
9.890010591997e-11,0.000464358068756358,0.999535641832343
0.981028375029545,0.0189697670326503,1.85793780457822e-06
0.110891212653367,0.87371114052822,0.015397646818413
0.989650409195716,0.0103493049907207,2.85813563550892e-07
0.177141418386041,0.811061297622948,0.0117972839910112
0.236901989064527,0.755445009381785,0.00765300155368807
0.0476232193383798,0.913208303000539,0.0391684776610812
0.0413749065941998,0.919398347303596,0.0392267461022043
2.26027642652863e-09,0.00259508487137105,0.997404912868353
0.00836823630115916,0.793120032893649,0.198511730805191
0.00672456045437755,0.840500323310603,0.15277511623502
0.695453667714944,0.304123831519306,0.00042250076574979
0.614310250346835,0.384743380715143,0.000946368938022005
0.88500001788329,0.11489533602558,0.000104646091129913
0.000305252695446657,0.383607590607553,0.616087156697001
0.983218686006468,0.0167793050889541,2.00890457829348e-06
1.45937247004787e-09,0.00135593617693657,0.998644062363691
6.83720031038506e-09,0.00499675848506022,0.995003234677739
0.139726422346955,0.846723343530706,0.0135502341223391
4.66587706438114e-13,5.06743575739297e-05,0.999949325641959
0.0660180356641449,0.906161501181112,0.0278204631547427
0.0631306091488048,0.91159527210302,0.0252741187481752
6.26508505034206e-08,0.00885082583376689,0.991149111515383
6.69762555061688e-08,0.0120141006401165,0.987985832383628
0.444415670363529,0.552882966419845,0.00270136321662523
0.000577751804049459,0.483123036954372,0.516299211241579
2.32622933930534e-12,0.000102292101967744,0.999897707895706
0.819335826097323,0.180462846723512,0.000201327179164426
2.73549126499498e-12,0.00012269408652522,0.999877305910739
0.2143957949293,0.779268804794628,0.00633540027607169
0.186147112714119,0.80604597918068,0.00780690810520105
7.91794466191073e-06,0.0756751091020992,0.924316972953239
0.016506370311868,0.878834260253986,0.104659369434146
0.822662413293889,0.177264248121525,7.33385845861616e-05
0.615720011958333,0.383648701590673,0.000631286450993794
9.77472568462228e-08,0.0178320283498819,0.982167873902861
0.000235504958753463,0.294183061642433,0.705581433398813
3.75668937333707e-09,0.00217460673925592,0.997825389504055
0.980295956813086,0.0197012654409558,2.77774595816061e-06
0.180288439316644,0.810098751565387,0.00961280911796867
0.000711744825106118,0.559464990050442,0.439823265124451
0.790760983583077,0.209063424030745,0.000175592386177582
4.00554062646486e-06,0.0724326804576743,0.927563314001699
0.00178696790949088,0.65212534019103,0.346087691899479
0.997076212612781,0.00292372724120596,6.01460130191933e-08
0.189020425315669,0.803342820055647,0.00763675462868366
0.999035517200313,0.000964476267423832,6.53226287740802e-09
0.766826979191369,0.232814995883732,0.000358024924898434
0.351676829166433,0.646345681824322,0.00197748900924476
0.981088913015084,0.0189096555724506,1.43141246517616e-06
3.07425420787759e-06,0.0539266259976966,0.946070299748096
0.0172241125630328,0.893734475102588,0.0890414123343792
0.967624440325805,0.0323700747665199,5.48490767513728e-06
8.27265382329373e-10,0.0015707826754821,0.998429216497252
0.035689555625352,0.903859512805227,0.060450931569421
1.31110389900728e-07,0.0135143794915404,0.98648548939807
5.02691415836528e-06,0.072413710953675,0.927581262132167
1.80858699007524e-11,0.00023240970785528,0.999767590274059
1.3187524060458e-08,0.0034127766776373,0.996587210134839
0.448100819559132,0.549255077565885,0.00264410287498383
5.08539381826125e-05,0.18056831895413,0.819380827107687
0.962844835920079,0.0371479046739336,7.25940598764406e-06
0.0088268279690563,0.838306482691662,0.152866689339281
0.00487710698834371,0.784863907777524,0.210258985234132
1.06857254442124e-05,0.115524598189846,0.88446471608471
0.00803209774923327,0.871203809068008,0.120764093182758
1.17450095414188e-08,0.0053219925525891,0.994677995702401
0.0290897835170326,0.92786999223203,0.0430402242509377
0.885330194034393,0.114594676144782,7.51298208254189e-05
0.428596007711306,0.569406253894857,0.00199773839383749
0.00130628174792449,0.700730164679577,0.297963553572498
0.000467825624055726,0.448943729350534,0.55058844502541
0.0168395858662691,0.892364720466818,0.0907956936669126
0.311146408520378,0.682965978239617,0.00588761324000465
0.987999118718436,0.0120001430288816,7.3825268227153e-07
1.71756120386236e-08,0.007908043178627,0.992091939645761
0.0667709395773967,0.901113619294026,0.0321154411285778
0.0148646522787979,0.835829851091692,0.14930549662951
1.05825232103725e-09,0.00136377142527945,0.998636227516468
4.48654256325739e-09,0.00199200987647893,0.998007985636978
0.0551964621821571,0.905568535871645,0.039235001946198
0.0235066929240108,0.923707391467643,0.0527859156083465
0.972495025813459,0.0274995188155311,5.45537101035807e-06
0.642160727528506,0.357059543851342,0.000779728620151807
2.74356973280322e-11,0.00025787445183753,0.999742125520727
0.00686014047651082,0.880191895021881,0.112947964501609
0.261725251669697,0.731774885812141,0.00649986251816208
0.0704004802338474,0.893568628872438,0.0360308908937144
0.000937976111488495,0.519708473741383,0.479353550147129
0.513203163957325,0.483599822824621,0.00319701321805311
6.81355682346736e-08,0.0127703365969429,0.987229595267489
0.248080198910979,0.744815841145895,0.00710395994312575
3.05304810692579e-06,0.0601648410343636,0.93983210591753
0.776878962467477,0.222797402422109,0.000323635110413296
0.300473204956897,0.693245143406561,0.00628165163654214
9.48867258441089e-09,0.0040781076092899,0.995921882902037
0.642995919298819,0.356228983422547,0.00077509727863324
0.995030226825779,0.00496959904649889,1.74127722008858e-07
0.00192296244814995,0.562912595445716,0.435164442106134
2.81245977585297e-08,0.00628212984451047,0.993717842030892
0.0261990606721866,0.926185182442884,0.0476157568849298
0.00215827457303607,0.636934831494594,0.36090689393237
5.47027460383138e-09,0.00326943048413859,0.996730564045587
0.972338811105405,0.0276556705063176,5.51838827765907e-06
3.91891996806609e-11,0.000379173350044634,0.999620826610766
0.651713665396045,0.347348636333872,0.000937698270082221
0.976844944579713,0.0231512061084037,3.84931188317718e-06
0.86779281496839,0.132128175270199,7.90097614101521e-05
0.793635087475028,0.20615459710627,0.000210315418702209
0.084911045894828,0.885736799744407,0.0293521543607653
0.102700873597808,0.868456928247671,0.0288421981545205
1.32404334344854e-10,0.000733306290786588,0.999266693576809
0.993338322829636,0.00666145089919705,2.26271167314909e-07
0.000636012875928197,0.540304898861564,0.459059088262508
6.37161355843849e-07,0.0249238707643167,0.975075492074328
0.117882944167409,0.867827090595951,0.0142899652366401
0.13111096205041,0.84737988900911,0.0215091489404809
0.380424883738747,0.617334395321173,0.00224072094007975
0.000528173510552768,0.58657172293637,0.412900103553077
0.313195533995215,0.676551542724947,0.0102529232798377
0.98978992125367,0.0102095453395601,5.3340676945272e-07
0.000202458332310109,0.376662910414314,0.623134631253376
0.01139700729355,0.87641283425025,0.1121901584562
0.564359986114131,0.4339499164224,0.0016900974634683
0.9920093133926,0.00799043383427641,2.52773123775737e-07
1.67572747220593e-15,3.03692205180362e-06,0.999996963077946
0.990362112153427,0.00963722992835115,6.57918221768931e-07
0.980296280674234,0.0197017137484882,2.00557727785447e-06
3.38690493876302e-15,5.01551577700608e-06,0.99999498448422
1.04625171208764e-12,9.73355382713323e-05,0.999902664460682
0.371073804302964,0.624794577960899,0.00413161773613669
0.0904165958420202,0.89266194676726,0.01692145739072
0.813358632654559,0.186505505962786,0.000135861382655101
9.37191000214467e-07,0.025065774406006,0.974933288402994
0.955937430863062,0.0440483297623688,1.42393745687811e-05
0.833739572133684,0.166092833229127,0.000167594637189296
6.15318054636863e-06,0.084308947294764,0.91568489952469
3.45344352569425e-12,0.000101563851144032,0.999898436145402
0.000123490800174042,0.324395418293895,0.675481090905931
1.07075549839587e-06,0.0360840527776571,0.963914876466844
0.214996543055187,0.780878906103795,0.00412455084101815
0.993806354926414,0.00619337429496244,2.7077862334125e-07
7.63575759903044e-08,0.0103300742025069,0.989669849439917
5.74982313697901e-05,0.201682415228142,0.798260086540489
1.52183287036347e-06,0.0339177128081382,0.966080765358991
0.999311516480611,0.000688481656488488,1.862901020549e-09
4.37336215999344e-11,0.000361380131111406,0.999638619825155
0.0661436272899792,0.895353277496471,0.0385030952135501
0.278027820075417,0.717826776572504,0.00414540335207917
5.44772694424104e-05,0.230027942630053,0.769917580100504
0.81948244487133,0.180316590111955,0.000200965016715105
0.318584886241142,0.677609054859364,0.00380605889949376
0.919183750466621,0.0807664619244414,4.97876089379742e-05
0.97490012130693,0.0250953467153411,4.53197772852316e-06
0.0139718114842623,0.849596564217069,0.136431624298669
0.136942647678181,0.837136876350071,0.0259204759717481
6.16132177539831e-06,0.0843622473833473,0.915631591294877
0.996513404778007,0.00348655646901695,3.87529758416315e-08
2.18240445129291e-08,0.00553597802219645,0.994464000153759
8.2310553862694e-07,0.0414841971665281,0.958514979727933
1.5510367675124e-06,0.0457173873883352,0.954281061574897
0.0149540849344697,0.855729092909049,0.129316822156481
1.208171828566e-07,0.0122697107058836,0.987730168476934
0.85397915631522,0.145846099048041,0.000174744636738545
0.0168577037676746,0.902679224757472,0.0804630714748532
0.973602749298839,0.0263944404246564,2.8102765047282e-06
0.118981883722461,0.866890673381668,0.0141274428958718
0.482984603206589,0.51526905346578,0.00174634332763128
0.997266109500306,0.00273383792267505,5.25770188323995e-08
1.91641173184523e-05,0.122103972953359,0.877876862929322
1.69235701693648e-08,0.00435304103786733,0.995646942038562
0.000913345365135996,0.515238257593614,0.48384839704125
0.758728541117732,0.240884095488101,0.000387363394166537
2.74925491057143e-09,0.00257841729200517,0.99742157995874
0.843244996015847,0.156640726274088,0.000114277710064852
0.945607909298221,0.0543798086710362,1.22820307430722e-05
3.21171143950507e-08,0.00634507643268442,0.993654891450201
0.00401019768772012,0.686045997637644,0.309943804674636
0.011007556915616,0.905027916201218,0.0839645268831655
2.0832981247799e-09,0.00321482772517462,0.996785170191527
0.00149742071442459,0.665129158393043,0.333373420892532
7.72378477938689e-05,0.21746171373313,0.782461048419076
0.995966187578564,0.00403369781114489,1.14610290981671e-07
0.000979756897706849,0.634095683844668,0.364924559257625
0.858090779122724,0.141817169494489,9.20513827871197e-05
0.199948251154749,0.791771854755917,0.00827989408933451
0.0133050951704455,0.875964497512673,0.110730407316881
4.72049829937021e-06,0.0626208637639124,0.937374415737788
0.0358940148110399,0.893455013637691,0.0706509715512695
0.0453478997457725,0.918900791347283,0.0357513089069446
0.0364821752482214,0.919062737688439,0.0444550870633397
0.871992244729565,0.127876193935475,0.000131561334959595
0.0951886251771255,0.886350932716532,0.0184604421063425
0.188890546698915,0.802114381088592,0.00899507221249304
0.105443445275793,0.878196688705202,0.0163598660190045
0.923130987042114,0.0768438905486455,2.51224092405682e-05
0.0019716730033332,0.645852349897087,0.35217597709958
0.232080869085762,0.761323723085218,0.00659540782902044
0.064302282254343,0.916692967473044,0.0190047502726132
0.000901657628095138,0.63953112554023,0.359567216831675
0.877445008737728,0.122468411376847,8.65798854248834e-05
0.987219405212131,0.0127797568337439,8.37954125090064e-07
3.70582170154343e-07,0.0168842149948307,0.983115414422999
0.00749779846212986,0.801067638224931,0.191434563312939
6.38952552373477e-07,0.0249584369174588,0.975040924129989
1.13584077717844e-06,0.03122755240469,0.968771311754533
0.969063387302264,0.03093161187265,5.00082508584757e-06
7.55793727501023e-09,0.00405205596673941,0.995947936475323
3.22698398032713e-07,0.0248379294382951,0.975161747863307
3.03756939880529e-10,0.000857794144029836,0.999142205552213
0.000506399988687305,0.560368078609857,0.439125521401456
0.0027962178731675,0.744127661356881,0.253076120769952
0.679624167781989,0.319614502319262,0.000761329898748678
0.0528365225338654,0.906125603831101,0.0410378736350331
0.00011317922610525,0.284523613787793,0.715363206986102
0.0315629453025133,0.888907210596688,0.0795298441007983
0.188791310901987,0.797962560880509,0.0132461282175039
2.22443937630514e-05,0.188156471237021,0.811821284369216
3.18875871444765e-07,0.0260279214297373,0.973971759694391
0.941720259185865,0.0582655826090439,1.41582050910389e-05
2.41336605459232e-06,0.0630819565921869,0.936915630041759
0.992742359383631,0.00725743224629236,2.08370077200833e-07
0.104666112390367,0.872241835537959,0.0230920520716743
1.00410145546174e-07,0.0146902988547996,0.985309600735055
0.00276200258286801,0.677836217179471,0.319401780237661
0.998989186059307,0.00101080876026155,5.18043171037303e-09
3.33381743055422e-09,0.00349179152405323,0.996508205142129
0.069058808733413,0.894161533906991,0.0367796573595958
0.000566668228230138,0.5406861323456,0.45874719942617
3.15277403555315e-09,0.00322626702194081,0.996773729825285
0.983886395617892,0.0161117534003117,1.85098179617334e-06
6.57660126533995e-06,0.060910024255982,0.939083399142753
0.000332140599151928,0.377084951696784,0.622582907704064
0.0444561224185679,0.919062565638894,0.0364813119425386
0.115129890819497,0.873829489964146,0.0110406192163568
0.942026939811672,0.0579617305991864,1.13295891414522e-05
0.995913142088796,0.00408679204698525,6.58642182499836e-08
0.985561888104475,0.0144366283217728,1.48357375196085e-06
1.79967946162216e-12,0.00012765691335467,0.999872343084846
0.00216834605027332,0.61176731518551,0.386064338764217
0.974339815345675,0.0256567626385381,3.42201578718344e-06
0.0838232016704265,0.891156854467997,0.0250199438615766
0.00319412585847689,0.797608316326587,0.199197557814936
5.85778516198955e-06,0.0869070534412039,0.913087088773634
0.0210871416995997,0.894115016165759,0.084797842134641
0.324124268700818,0.673191146573225,0.00268458472595696
3.31154172468287e-05,0.166157573869058,0.833809310713695
0.993520795548452,0.00647907022352018,1.34228027417309e-07
0.00133724759055946,0.625158427612386,0.373504324797054
4.82925989528345e-05,0.240540930240216,0.759410777160831
0.991801644678159,0.00819801209516692,3.43226673531873e-07
0.999865308976311,0.000134690896398257,1.2729064200748e-10
1.75436429902351e-07,0.0131569598538452,0.986842864709725
7.17578379761377e-07,0.0330855872324663,0.966913695189154
4.72599368016576e-08,0.0101017660908074,0.989898186649256
0.984072779005046,0.015925915514595,1.30548035905552e-06
0.00646054877969634,0.781883518203341,0.211655933016963
0.99505668484053,0.00494319077800482,1.24381465145698e-07
0.0162636996568006,0.900699819367632,0.0830364809755678
0.000576849045688116,0.563336819719556,0.436086331234756
0.777521662072882,0.222276469092088,0.000201868835030473
2.81241708720444e-06,0.0546792928831253,0.945317894699787
0.954324113853035,0.0456648184739603,1.10676730049514e-05
7.35012608271361e-13,5.46549031955535e-05,0.999945345096069
0.796598566656796,0.203038373495049,0.000363059848155153
0.361538407804626,0.630741719038318,0.00771987315705615
0.00230434549803065,0.714537258877631,0.283158395624339
0.0255741370882029,0.903094411539767,0.0713314513720303
0.0450938291680756,0.918949609388376,0.0359565614435482
6.37819417849147e-08,0.00843342292768273,0.991566513290376
0.996627611999325,0.00337230794667625,8.00539982602849e-08
3.68233928506674e-05,0.193549341041219,0.806413835565931
0.00451214418187615,0.852322789034128,0.143165066783996
0.000891544560329425,0.487431445091552,0.511677010348119
0.990282186211242,0.00971756196428003,2.51824478057836e-07
0.324162095513163,0.672715306128126,0.00312259835871048
0.0872995170299781,0.854080313114752,0.0586201698552703
0.207230987779209,0.786099167618687,0.00666984460210367
0.145924099617682,0.844687809100842,0.00938809128147635
0.411172169306127,0.584617572160194,0.00421025853367848
0.028508361927944,0.921867510459682,0.049624127612374
0.851070478426057,0.148747134866546,0.000182386707397008
0.00198955226975617,0.647363836395105,0.350646611335139
0.312776380511901,0.682492578481806,0.00473104100629301
6.21839451216168e-06,0.0992830515724356,0.900710730033052
0.000176227679014304,0.340774855546417,0.659048916774569
0.990064122901176,0.00993517766047117,6.99438353116579e-07
0.006039272506485,0.812151013150573,0.181809714342942
0.193503222258937,0.799115248005275,0.00738152973578841
0.968973693361018,0.0310224059179543,3.90072102756592e-06
1.23548142859573e-05,0.111129274778409,0.888858370407305
0.0885574621955888,0.887931282202807,0.0235112556016041
6.37465279084682e-08,0.0123547811423959,0.987645155111076
0.00171243411503234,0.666632600460119,0.331654965424849
0.102376383334591,0.880678267745447,0.0169453489199618
0.00130652831224099,0.62121494789331,0.377478523794449
1.34853710086535e-12,8.61480302233327e-05,0.999913851968428
2.08828844313827e-05,0.105905339387801,0.894073777727767
0.983215587868458,0.0167829610989529,1.45103258943591e-06
0.946912104053922,0.0530728290582592,1.50668878189337e-05
0.942939490456128,0.0570363059171821,2.42036266901665e-05
0.0468406935777008,0.922889854565331,0.0302694518569686
6.12080820431427e-06,0.062805468913795,0.937188410278001
0.836012331566037,0.163762618776296,0.000225049657667563
0.0814751516782468,0.8926949188673,0.0258299294544537
0.975654461601518,0.024343152985669,2.38541281321572e-06
7.40478402245541e-07,0.0237829427146037,0.976216316806994
0.00299556054846045,0.713835246250748,0.283169193200792
0.993770777899739,0.00622894819226759,2.73907993393453e-07
7.32184447472418e-05,0.212410672394511,0.787516109160742
0.997542372158527,0.00245758536510605,4.2476366863577e-08
3.47787013526646e-10,0.000700546085120008,0.999299453567093
3.8078149612194e-14,1.44766269819148e-05,0.99998552337298
0.168373496367838,0.821053189702188,0.0105733139299742
0.512512177681871,0.486269416414716,0.00121840590341315
0.0724476061446147,0.892614357533088,0.0349380363222972
0.0001508063704094,0.304783443372342,0.695065750257248
1.14057648502234e-07,0.014067891178563,0.985931994763788
0.970857369079111,0.0291382013791788,4.42954170987548e-06
0.832195427353802,0.167633537548236,0.000171035097961778
7.15799637042686e-10,0.00112174806436921,0.998878251219831
0.387636663482641,0.607540370711511,0.00482296580584738
8.97165479384281e-09,0.00396567155319645,0.996034319475149
0.992387795045455,0.00761190922512428,2.9572942070479e-07
0.895976888093939,0.103938522152666,8.45897533944289e-05
0.0397854616874071,0.919418848874787,0.0407956894378056
0.00127994638896854,0.572478923312977,0.426241130298055
0.0411919086510517,0.906164615597597,0.0526434757513516
0.888236523865998,0.111708300391402,5.51757425997725e-05
0.374114539771464,0.620669846112385,0.00521561411615105
0.939363906030785,0.0606162817345829,1.98122346316769e-05
0.634132912616783,0.364804100576616,0.00106298680660056
0.0104483128842468,0.901735428428392,0.0878162586873612
0.280085341541675,0.715822652709385,0.00409200574893984
0.922359997102309,0.077614352769086,2.56501286050202e-05
0.8701957453766,0.129776108842898,2.81457805020153e-05
0.468258459714896,0.529390969409488,0.00235057087561592
0.775319812675428,0.224351361979515,0.000328825345057231
0.827779256335404,0.172107065342351,0.000113678322244366
0.534675988486154,0.464044561014579,0.00127945049926763
0.110267959605159,0.876359105159635,0.0133729352352059
0.00380280244536054,0.704374441982435,0.291822755572205
0.0798201220999303,0.893751905433397,0.0264279724666727
1.42425392171255e-07,0.0184104735142675,0.98158938406034
0.98995965872021,0.010039626982261,7.14297529108212e-07
0.667091270638144,0.33175128146147,0.00115744790038627
0.000158466350081092,0.31102125686767,0.688820276782249
0.99910379322811,0.000896201132113889,5.63977605702049e-09
2.34932184212354e-05,0.111949044570223,0.888027462211356
0.0148479250543593,0.895287692887055,0.0898643820585861
0.892215371705517,0.10769343346069,9.11948337926288e-05
0.248106650659452,0.74315112791308,0.00874222142746792
0.0190782331672928,0.888391048196394,0.0925307186363135
8.11446630608084e-05,0.259869041003523,0.740049814333416
0.107863859661133,0.864899044207694,0.0272370961311733
0.0288561923620176,0.927764991769588,0.0433788158683944
2.83627997070215e-06,0.0613149048626601,0.938682258857369
5.18682753183695e-11,0.000459033949246573,0.999540965998885
0.414891254606719,0.580987878296704,0.00412086709657674
0.647277117323298,0.352114366634702,0.00060851604199985
0.915373174661989,0.0845961203708249,3.07049671864519e-05
3.09705841282515e-10,0.000961392811549556,0.999038606878745
0.570263690801968,0.42871242411873,0.00102388507930175
3.01496666677429e-11,0.000428202185609391,0.999571797784241
0.992981857910885,0.00701789086538881,2.51223726037592e-07
0.984191707982439,0.0158072949115462,9.97106014180084e-07
0.00313452182766898,0.741663766932053,0.255201711240278
0.863934011166323,0.13600944310236,5.65457313167392e-05
0.0389061118785267,0.905445901579754,0.055647986541719
0.986273361896868,0.0137256705861743,9.67516958079036e-07
1.188321375407e-11,0.000178849034714414,0.999821150953403
0.924297982893892,0.0756706386523157,3.13784537920295e-05
0.997373628446677,0.00262634439197088,2.71613526188778e-08
1.01447018280906e-08,0.00577984931589945,0.994220140539399
1.10035289429699e-09,0.00154805025405636,0.998451948645591
0.000209959523101754,0.280462713635134,0.719327326841764
0.158425175049233,0.824713640269305,0.0168611846814626
3.80419989413938e-08,0.0100691444857037,0.989930817472297
3.60352539057913e-06,0.0651891966104984,0.934807199864111
0.093041963062586,0.890590289337256,0.016367747600158
0.997067064901081,0.00293287457540963,6.05235092957322e-08
0.514271765047006,0.484279482269139,0.00144875268385521
5.88028370260489e-07,0.0268680218017001,0.97313139016993
1.42552467958967e-08,0.00720698608996157,0.992792999654792
0.760041591092095,0.239575903432252,0.000382505475653794
0.302724125158,0.693085347541242,0.00419052730075842
9.34117473743548e-10,0.001849846308878,0.998150152757005
1.65942568230248e-06,0.0376201372609309,0.962378203313387
0.00268892688472715,0.756897838893929,0.240413234221343
0.000132451622379202,0.364404747508677,0.635462800868944
0.995577045743118,0.00442281641396981,1.37842912690463e-07
7.16158901314003e-05,0.246355086597389,0.75357329751248
0.88551803260006,0.114423898713962,5.80686859783976e-05
0.643776066515625,0.355599935315546,0.000623998168828869
0.0129919743121951,0.906224354693569,0.0807836709942362
0.812446525837051,0.187383737783138,0.00016973637981106
0.0243195685805955,0.901014360397083,0.0746660710223218
0.00979221825978258,0.863462002309063,0.126745779431154
0.017798406878878,0.895661300039404,0.0865402930817174
2.25882569797612e-09,0.00178437342433156,0.998215624316843
0.0273911932591769,0.88231962420601,0.0902891825348129
0.32163411164424,0.672837930093651,0.00552795826210898
0.92245925303601,0.0774950736536234,4.56733103671172e-05
0.359107258541424,0.638354601635828,0.0025381398227486
0.0705816962936602,0.914282819985586,0.0151354837207536
3.89419654139984e-06,0.0570455761558123,0.942950529647646
0.702609767987154,0.296897506734463,0.000492725278382811
1.62721976613945e-10,0.000595592487539042,0.999404407349739
4.74370215578198e-10,0.00131858809449814,0.998681411431132
0.0388020358031229,0.913132931810835,0.0480650323860417
0.021154938916417,0.90457860197179,0.0742664591117927
0.248331440585573,0.744576349804545,0.00709220960988253
1.64134964182686e-06,0.0676134665457754,0.932384892104583
0.798724285041585,0.201141947435791,0.000133767522623806
0.015145595845212,0.896514588540193,0.0883398156145946
1.03097268383699e-05,0.113597492838799,0.886392197434363
0.940514515827873,0.0594591127933006,2.63713788266725e-05
0.165427052082733,0.821609539289033,0.0129634086282339
0.00355956416221502,0.740206344574622,0.256234091263163
0.392165361846658,0.605366836271847,0.00246780188149492
3.33545471330196e-09,0.00255388243592339,0.997446114228622
0.997218900903591,0.00278104468538147,5.44110270627608e-08
5.01059893298418e-09,0.00296512705379768,0.997034867935603
0.993485824930299,0.00651387544423966,2.99625461335858e-07
5.2586719881615e-09,0.00375560122726026,0.996244393514068
3.48938153655708e-09,0.00290435005411016,0.997095646456508
0.659436559362904,0.339677206376704,0.000886234260391903
0.970434582641195,0.029560856396273,4.56096253199046e-06
0.668116113024345,0.331053019218089,0.000830867757565847
0.934471752287467,0.0655136564693379,1.45912431946495e-05
0.51329384063684,0.484907052855029,0.00179910650813132
0.992866666294034,0.00713307413788216,2.59568084043715e-07
0.000266268569170969,0.471201008757546,0.528532722673283
4.59609275312279e-09,0.00268918063660299,0.997310814767304
0.0246029171441383,0.910675050490326,0.064722032365536
0.0220622140678711,0.90643313014287,0.0715046557892588
9.56985895803831e-06,0.098498104209636,0.901492325931406
0.818664624381563,0.18124562348668,8.9752131757017e-05
0.923697463980962,0.0762777975702388,2.47384487992793e-05
0.940038492874917,0.0599493615444212,1.21455806619424e-05
3.24476578986884e-05,0.182884004075437,0.817083548266664
0.616056971960787,0.383007836929394,0.000935191109819247
0.00216076640834977,0.704385266251738,0.293453967339912
0.773997594129665,0.225793150452382,0.00020925541795334
2.6804991576199e-06,0.0564849120202612,0.943512407480581
2.9273465741248e-07,0.021260858817344,0.978738848447999
0.969528692354255,0.030466458424213,4.84922153203504e-06
0.156462183998741,0.826395389019343,0.0171424269819167
0.00532527421268729,0.624147064670597,0.370527661116716
0.614258174747152,0.384795121506974,0.000946703745873938
0.759279499544052,0.240478539232493,0.000241961223454432
0.000658703728743538,0.504848758606786,0.49449253766447
0.354150868996465,0.643603387232646,0.00224574377088898
0.0139611957089264,0.930850268790647,0.0551885355004268
0.180668609689976,0.81231874107025,0.00701264923977452
0.203204962300084,0.788710718577645,0.00808431912227056
0.296487796192454,0.699158224193004,0.00435397961454145
5.25427229060195e-05,0.193751541943597,0.806195915333497
5.28669019128003e-08,0.00561958358336773,0.99438036354973
0.146817816072321,0.846938339052623,0.00624384487505592
0.661482255290388,0.337644792118321,0.000872952591290203
0.868429027484334,0.131431423883069,0.00013954863259738
0.668286543435558,0.330883650419786,0.000829806144655557
0.50862804077056,0.488990792477617,0.00238116675182281
0.0739649267135747,0.901460643462255,0.0245744298241701
0.431192711670459,0.565890537179929,0.0029167511496128
0.662225700798508,0.336906137626281,0.000868161575211026
0.000404115035139068,0.406105569008783,0.593490315956078
0.000188105764094525,0.267796669798894,0.732015224437011
0.0313774546510617,0.909638362797008,0.0589841825519305
0.832812002880944,0.167056388259596,0.000131608859460079
0.982976024648984,0.0170219074249181,2.06792609752514e-06
4.06147086798039e-05,0.182229341091446,0.817730044199875
0.79058615244172,0.209026131797987,0.00038771576029292
6.45227410179838e-14,1.1863403545949e-05,0.99998813659639
0.77694958356098,0.222602980768947,0.000447435670073369
0.908697961773989,0.091255620011381,4.64182146297704e-05
2.72845598027267e-10,0.000731102579816996,0.999268897147337
0.319170970798619,0.677611269592589,0.00321775960879178
3.37189457544372e-08,0.00853945550374738,0.991460510777307
