"cluster_1","cluster_2","cluster_3"
0.994060529161373,0.00593946851260551,2.32602168516222e-09
0.999950956292948,4.9043706927579e-05,1.24567042051358e-13
0.000208039334276439,0.993395371820681,0.00639658884504263
0.999435154859341,0.000564845129380453,1.12785422742389e-11
7.73637148605303e-12,0.0090333556372731,0.990966644354991
7.80443821176505e-06,0.751045931053396,0.248946264508392
0.997512611857572,0.00248738797480184,1.67625701332301e-10
4.36222573039083e-06,0.894568113344496,0.105427524429773
1.103010656617e-14,0.00011906806672806,0.999880931933261
0.99999894426424,1.05573575992841e-06,9.284613276658e-17
2.11679554861431e-11,0.0137534973616577,0.986246502617175
0.996110270645276,0.00388972914827221,2.0645181010815e-10
0.99999758932476,2.41067523979262e-06,3.38841650951181e-16
0.000259744533839399,0.99815954347918,0.00158071198698069
1.56550903552296e-12,0.00656022818908339,0.993439771809351
0.999947404377046,5.25956228560623e-05,9.82270647138424e-14
0.999997441146015,2.55885398502622e-06,1.92514515844152e-16
0.00189209920889246,0.99440624988707,0.00370165090403737
2.47166536444395e-12,0.00651799426094071,0.993482005736588
3.41479425309635e-14,0.000159856117044874,0.999840143882921
0.990870372489033,0.00912962470223315,2.80873346253839e-09
0.000340816332420637,0.999203905122757,0.000455278544821893
0.999600088675693,0.00039991131475641,9.55061043977807e-12
0.99968668943013,0.000313310566998125,2.87227881476446e-12
6.77344979923537e-07,0.725174208743961,0.274825113911059
5.8588509237877e-09,0.0429547182145312,0.957045275926618
3.3960488280702e-08,0.113928728870451,0.886071237169061
0.998395216248765,0.00160478356163967,1.89595177389482e-10
1.07539354822306e-10,0.00909555522279211,0.990904444669669
0.995252732182051,0.00474726748181858,3.36130883339582e-10
0.191865243888477,0.808088289431556,4.64666799668533e-05
0.999903339565557,9.66604342463749e-05,1.96609275878601e-13
1.04876106405243e-11,0.00882040811891568,0.991179591870597
0.999969715628338,3.02843716391127e-05,2.29700363066089e-14
3.37383176601743e-06,0.960433104843973,0.0395635213242612
0.992931600282139,0.00706839794154919,1.77631153764015e-09
0.227231103509922,0.772764264063315,4.63242676305647e-06
8.36576440880851e-07,0.943119935259792,0.0568792281637673
0.999985599177102,1.44008228836353e-05,1.39513099668607e-14
6.92253209455169e-19,5.63990654090664e-06,0.999994360093459
3.79962883192785e-16,4.59677088099226e-05,0.99995403229119
3.68726403619321e-12,0.00281594590485024,0.997184054091462
7.11655063791338e-09,0.203350724402932,0.796649268480518
0.999954458270067,4.55417298615278e-05,7.17445938052724e-14
3.75577698201805e-15,0.000156394620053783,0.999843605379942
0.999506923681549,0.000493076312146414,6.30481530497287e-12
0.999356961576711,0.000643038398014826,2.52737224836411e-11
2.36233676321038e-14,0.00104247362350359,0.998957526376473
0.99995953810181,4.0461898082056e-05,1.08367839089058e-13
6.87929243994882e-20,7.44484475170547e-06,0.999992555155248
3.59083145065503e-09,0.1248566612849,0.875143335124269
1.02442221201367e-16,0.000173809787551546,0.999826190212448
3.09077627550491e-14,0.000673638036108617,0.99932636196386
0.997746388333536,0.00225361161397461,5.24896170626416e-11
0.000106439939761563,0.988213626273088,0.0116799337871505
0.99931536077989,0.00068463920507292,1.50367431377575e-11
0.921407118522065,0.078592552507386,3.2897054919806e-07
3.77164484251592e-05,0.952573172860371,0.0473891106912042
1.94995558473412e-09,0.0279321342212721,0.972067863828772
2.49728358403815e-09,0.0709151401386672,0.929084857364049
0.940588136683709,0.0594118020970316,6.12192597443628e-08
0.453594721084903,0.546386861869612,1.8417045485109e-05
0.99937457988706,0.000625420089118794,2.38207484953622e-11
2.90867570610749e-11,0.0274380496422753,0.972561950328638
0.999944219171523,5.57808284406941e-05,3.66983865443259e-14
0.000520438163280518,0.996218939227212,0.00326062260950702
1.34656898904467e-05,0.84835577771746,0.15163075659265
0.997499008999804,0.00250099076880226,2.31393841286034e-10
0.999999052396552,9.47603447711917e-07,4.80051144709611e-17
0.0207968607261476,0.978945984188069,0.000257155085783121
0.000856517600876707,0.995691420456983,0.00345206194214007
0.0271969746307326,0.972732476421164,7.05489481032332e-05
6.03366345834168e-05,0.982856113979534,0.0170835493858827
2.38182427362018e-07,0.737769525841223,0.26223023597635
0.000685699465553338,0.994042317200652,0.00527198333379459
0.99998891305113,1.10869488612721e-05,8.50611114176545e-15
0.0111981956397153,0.988315563152463,0.000486241207821829
5.98688005563769e-11,0.0121656994197097,0.987834300520421
6.93046261656624e-16,0.0001755302210719,0.999824469778927
0.00168730840605991,0.993402489726056,0.00491020186788377
2.11683757071721e-11,0.00896699016639119,0.99103300981244
0.243126229053279,0.756865505539337,8.26540738418852e-06
1.59559165102229e-05,0.852963556156135,0.147020487927355
0.000155404683711696,0.917963260005317,0.0818813353109711
0.998307913281106,0.00169208665649072,6.24034317889436e-11
4.71163772030823e-12,0.00594126514152679,0.994058734853762
0.000104362249713471,0.989454206647058,0.0104414311032288
0.0987733823099151,0.901197301005256,2.93166848292481e-05
0.000122595146346109,0.996204880209681,0.0036725246439724
0.00183466764685549,0.994880159435103,0.00328517291804099
0.999428018943574,0.000571981041300999,1.51254311288721e-11
0.00298893951910113,0.995905234541065,0.0011058259398343
0.000371334168125928,0.994847793484157,0.00478087234771726
0.958366329203541,0.0416336494704351,2.13260241091802e-08
0.997621486157132,0.0023785137831134,5.97546825432615e-11
0.995976156023435,0.00402384363628726,3.40277541337767e-10
0.000306045246087583,0.982017355600402,0.0176765991535107
1.51717107468734e-08,0.203337441639386,0.796662543188904
0.999824188214481,0.00017581178350874,2.01029623722532e-12
3.78304935979818e-11,0.00875369153172546,0.991246308430444
5.47845882069477e-16,7.39819350582467e-05,0.999926018064941
5.27359044738324e-05,0.951552576632215,0.0483946874633111
0.00268311562086502,0.995194325911814,0.00212255846732154
7.82472543863252e-11,0.00838944761117452,0.991610552310578
0.999131824963708,0.000868175024966906,1.13252301272396e-11
0.999940815244885,5.91847549803385e-05,1.34685265311379e-13
0.999970016149841,2.99838501277101e-05,3.08862803473466e-14
0.999994299947013,5.70005298324229e-06,3.47146275768009e-15
3.70828207151151e-08,0.225274114876599,0.774725848040581
5.45322429458499e-07,0.740244661935639,0.259754792741932
1.11666259008172e-12,0.00074847511798784,0.999251524880896
0.998206308459244,0.00179369150674943,3.40061913428384e-11
0.998525898097158,0.00147410189558218,7.26008001770561e-12
9.33180985173099e-14,0.00127629689189436,0.998723703108012
2.53035054546757e-13,0.000136108249063279,0.999863891750684
6.23163811019546e-15,5.21514676099492e-05,0.999947848532384
0.472221579134532,0.527773593229203,4.82763626427333e-06
1.46580524884136e-15,0.000556625047465947,0.999443374952533
5.54938042114805e-16,4.67691893406331e-05,0.999953230810659
0.989011821390924,0.0109881781681519,4.40924057525096e-10
3.25977164969339e-14,0.000149839548653271,0.999850160451314
4.78790691294429e-09,0.0559474868675161,0.944052508344577
1.5433404719457e-13,0.000728138810673817,0.999271861189172
3.69917043090713e-11,0.00632639532675692,0.993673604636251
0.0341401834352319,0.965051371963256,0.000808444601512615
1.53280440373917e-17,2.66403749323857e-05,0.999973359625068
0.999989495610489,1.05043895047158e-05,6.33576949428293e-15
0.999996222903144,3.77709685547005e-06,5.68874346086771e-16
0.000446770944762,0.992794284846151,0.00675894420908659
0.999997231493729,2.76850627107568e-06,2.56528248350217e-16
0.999997304176892,2.69582310805807e-06,3.84832599966998e-16
6.15950677645056e-07,0.403593998601195,0.596405385448127
2.14705902313866e-11,0.00955623634048796,0.990443763638042
0.874826391089888,0.12517318000299,4.28907122223251e-07
0.999839368881057,0.000160631117445297,1.49754796645493e-12
4.07387740566262e-11,0.00700441145635771,0.992995588502903
0.999145018232318,0.000854981734647589,3.30346080531843e-11
0.00261604725674932,0.996777141630726,0.00060681111252515
0.971735802707618,0.028264168251017,2.90413645713112e-08
1.53488963350046e-10,0.046097370170035,0.953902629676476
0.0281003943265882,0.971414173611327,0.000485432062084671
0.00306789224734666,0.995732306078341,0.00119980167431269
1.62800614811116e-14,0.000368936401976891,0.999631063598007
0.986621700727449,0.0133782923022787,6.97027193890502e-09
0.999068983801462,0.000931016166035596,3.25024837546971e-11
0.987315539271172,0.0126844505742248,1.01546035389775e-08
0.000386304293348322,0.990915580794589,0.00869811491206253
0.987764578113786,0.0122354212237709,6.624433055369e-10
0.00674551298003982,0.991638086227363,0.00161640079259753
4.12410704861569e-06,0.768740528925554,0.231255346967397
0.999991073016733,8.92698326434813e-06,2.61597413902795e-15
6.46454055404852e-06,0.943515990057658,0.0564775454017883
0.997769553424994,0.00223044645714499,1.17861122087393e-10
9.43970324510529e-13,0.00103311614823613,0.99896688385082
0.995176166726306,0.00482383172691514,1.54677937353582e-09
0.99086926805704,0.00913073046533136,1.47762842646965e-09
7.82050866441194e-06,0.760320317692189,0.239671861799147
0.00294796555357754,0.996890836087556,0.000161198358866176
1.74063814820954e-06,0.797097520274285,0.202900739087566
0.99999217312623,7.82687376820405e-06,2.03131212030669e-15
0.97524484921493,0.0247551400393063,1.07457636052537e-08
2.80275440734197e-14,0.000736615031789255,0.999263384968183
8.82052126224712e-18,2.10170592160795e-05,0.999978982940784
3.32181588491827e-05,0.990423174213088,0.00954360762806277
1.4018806086667e-07,0.423182036901769,0.57681782291017
0.903780774271935,0.0962191876616012,3.80664641732273e-08
1.79617167692996e-12,0.00162182601781254,0.998378173980391
0.00255126357387915,0.99558412939575,0.00186460703037133
0.0136639300266247,0.98597783019502,0.000358239778355273
6.07353539581084e-05,0.992631231082744,0.00730803356329765
0.998589916667441,0.00141008331295423,1.96043038815274e-11
6.02581348448266e-13,0.00257336084830028,0.997426639151097
2.78829231550042e-12,0.00945385219907359,0.990546147798138
1.40389522939921e-07,0.542310725662551,0.457689133947926
2.68823404299097e-11,0.00880988621591559,0.991190113757202
0.000557656874982527,0.975688362142677,0.0237539809823408
0.533586592574945,0.466403199258847,1.02081662072609e-05
1.66054496746268e-08,0.0542313830663583,0.945768600328192
0.999958506363869,4.14936360632883e-05,6.75717276702361e-14
0.997937783455229,0.00206221638132975,1.63441568555292e-10
0.996486809879505,0.00351318980532798,3.15167312587766e-10
0.999815942056271,0.000184057943028768,7.00649851221663e-13
0.945846477204787,0.0541534254378035,9.73574097139704e-08
0.00256579232456221,0.997141131777773,0.000293075897664744
0.995484786361298,0.00451521299931519,6.39387238835257e-10
0.999894382049917,0.000105617949969894,1.13502693085203e-13
0.950457389218344,0.0495425386854042,7.20962521649365e-08
0.9999803325024,1.96674975920818e-05,7.75488852438165e-15
0.000162071597320406,0.994360808969922,0.00547711943275736
0.00065703137373407,0.995371498007295,0.00397147061897078
0.00166882201061557,0.99568469661716,0.00264648137222408
0.999272158820834,0.000727841167999224,1.11663824930651e-11
0.00117241541341926,0.991329669224912,0.00749791536166845
0.000134534220749487,0.993139358043386,0.00672610773586453
0.0017933825846541,0.99664874871748,0.00155786869786534
0.00708615108810854,0.99154963507045,0.00136421384144171
4.56679281357304e-09,0.0559476125150414,0.944052382918166
5.76883910881458e-06,0.738805415335927,0.261188815824964
0.999997230442001,2.76955799878119e-06,2.24337675788018e-16
0.943266154486471,0.0567337560634072,8.94501218989326e-08
0.999977185265436,2.28147345284676e-05,3.56199284964952e-14
3.71237386391529e-11,0.00504758017966243,0.994952419783214
0.981301664468917,0.0186983238659923,1.16650913553509e-08
5.45186502471366e-13,0.000832499628070187,0.999167500371385
0.00186795012878067,0.997344348296962,0.00078770157425768
2.20063996982445e-16,3.08305247676502e-05,0.999969169475232
0.999998753622277,1.2463777233448e-06,3.38510868845827e-17
6.53550939671567e-13,0.00109635218742986,0.998903647811917
0.000724609248157435,0.997481777086922,0.00179361366492028
0.183491235399909,0.816502214216795,6.55038329531028e-06
3.03408262454191e-09,0.207905762226108,0.79209423473981
2.31161410999353e-13,0.00126404431064059,0.998735955689128
1.09955248941559e-20,6.74332149093651e-07,0.999999325667851
0.000553279015178043,0.994040776683218,0.00540594430160423
1.25662613842606e-14,0.000177186560099014,0.999822813439888
0.965752859567753,0.0342471089983676,3.14338792079111e-08
2.40310170198868e-12,0.00682863693901816,0.993171363058579
9.41401811471709e-14,0.000426853374262103,0.999573146625644
1.36134961095665e-13,0.000936855926337748,0.999063144073526
0.999659212975909,0.00034078701279147,1.12994521891576e-11
1.10334002642407e-20,2.42662804244655e-06,0.999997573371958
4.26496200770143e-05,0.963422366122487,0.0365349842574358
4.46265965190675e-13,0.00380520895410178,0.996194791045452
0.985567789330478,0.014432206271124,4.39839788195565e-09
0.365483632080109,0.634488729070229,2.76388496615968e-05
0.995474240381276,0.00452575856079198,1.05793185881573e-09
0.00376480906324452,0.995289125691289,0.000946065245466078
0.00747451918012145,0.990268330649113,0.00225715017076588
1.1488793000464e-05,0.952991266320842,0.0469972448861572
0.00370268799033208,0.995455260028889,0.000842051980778779
2.04253432627291e-14,0.000488995273778351,0.999511004726201
2.56780234095356e-05,0.954378041751888,0.0455962802247023
0.0015934819514437,0.996656090683302,0.00175042736525476
5.63395581867156e-08,0.407149912791223,0.592850030869219
0.634668027354296,0.365328977184342,2.99546136240953e-06
0.999992668064984,7.3319350102063e-06,6.1612233757065e-15
6.11225973943243e-06,0.989262024938009,0.0107318628022517
0.999084332527187,0.000915667392357713,8.04558301569565e-11
1.31534224227771e-07,0.243019672196644,0.756980196269132
2.92854961466913e-11,0.0115843860075429,0.988415613963172
0.000206072038423448,0.976817105861066,0.0229768221005102
3.72581900153819e-08,0.118995478011667,0.881004484730143
0.936542921614952,0.0634569650875764,1.13297471338294e-07
0.250334503411658,0.74940710538154,0.00025839120680181
3.57665811321228e-06,0.719894271230709,0.280102152111178
1.61788286978238e-09,0.10582052835675,0.894179470025368
0.962456445254917,0.0375435454839384,9.26114483476689e-09
0.0125864144699758,0.985831392946377,0.00158219258364761
2.29875312995462e-09,0.0220772094848256,0.977922788216421
0.998332208574971,0.00166779132534018,9.96890202324435e-11
1.01701685914199e-14,0.000225313619772142,0.999774686380218
0.00336237581804497,0.994784588696157,0.00185303548579809
0.00333350090740341,0.996323945069455,0.000342554023142009
3.99321677534067e-18,2.54305222233541e-05,0.999974569477777
1.13986435745291e-07,0.430307472495287,0.569692413518277
0.99999647859954,3.52140045926431e-06,7.34150499610881e-16
0.0021256025807083,0.996938836470249,0.00093556094904263
1.9333125274593e-12,0.00412787559982056,0.995872124398246
8.1140698530057e-07,0.581268828612782,0.418730359980232
1.11741370903652e-12,0.00120719152708251,0.9987928084718
0.999834610950089,0.000165389048657007,1.25419973033968e-12
0.00011119341903188,0.953460412684326,0.0464283938966419
0.000864011084886486,0.995052260808419,0.00408372810669435
0.996393183349505,0.00360681590538779,7.45107630622841e-10
2.3091283004626e-14,0.000133960593026651,0.99986603940695
0.000483966532453542,0.991979742062248,0.00753629140529842
0.511251394005367,0.488747027659888,1.57833474515919e-06
6.73441885137693e-05,0.982845152117753,0.0170875036937337
0.999998592156201,1.40784379929652e-06,2.04712703264895e-16
0.999842295001044,0.000157704998412267,5.4325781135399e-13
0.000215332102336338,0.985363593603201,0.0144210742944623
0.995863240467893,0.00413675896730963,5.6479732205204e-10
1.91156537431108e-13,0.00200433801713213,0.997995661982677
0.124858318989529,0.875097707858537,4.39731519346919e-05
0.975320525856995,0.024679459500388,1.46426170329815e-08
6.40927091612483e-15,0.0013425598500944,0.998657440149899
0.726600396757659,0.273396639572062,2.96367027850634e-06
1.7172605350078e-13,0.00074916963099316,0.999250830368835
8.05314303394997e-10,0.0758959372024391,0.924104061992246
3.67873130885395e-14,0.000688849974521258,0.999311150025442
4.68987732230985e-14,0.00117433827902498,0.998825661720928
0.00133777997112701,0.998323310763459,0.000338909265413496
0.00105949280965877,0.976878975688875,0.0220615315014665
0.999994540424227,5.45957576941765e-06,3.54292656400969e-15
0.000310244306130371,0.969822249775746,0.0298675059181237
0.00241565913245824,0.996860079369652,0.000724261497890031
4.09380393624667e-15,0.000941959467598386,0.999058040532398
0.000956452748293373,0.995796678704472,0.0032468685472343
3.7807059801881e-09,0.0498331733545484,0.950166822864746
0.213944339749875,0.78596529196322,9.03682869053639e-05
0.999554089163368,0.000445910833480493,3.15151022468652e-12
0.999993512814966,6.48718503198082e-06,2.56927329668872e-15
0.00016331431255212,0.978513184678887,0.0213235010085609
4.31457606916011e-09,0.0796960666840587,0.920303929001365
2.91719713633279e-05,0.997971093121554,0.00199973490708257
0.00116137128205556,0.997534855712778,0.00130377300516649
0.999981986043728,1.80139562512838e-05,2.02601228352801e-14
6.8760761941869e-09,0.339760345542921,0.660239647581003
1.36538256229298e-06,0.955293493812177,0.0447051408052604
6.8757510750032e-05,0.987138890455661,0.0127923520335892
1.33960651917876e-13,0.00120580118964927,0.998794198810217
7.04688996199038e-18,3.85702414398536e-05,0.99996142975856
0.000447929278105131,0.998571924436809,0.000980146285086095
9.70524559393082e-05,0.99380390525845,0.00609904228561129
0.999855830449655,0.000144169549813678,5.31103477775522e-13
0.998145356874125,0.00185464308415327,4.17218320948436e-11
1.4173785853121e-09,0.10014377901743,0.899856219565192
0.000151468278730206,0.998789601231645,0.00105893048962452
4.65210703564518e-05,0.96228406498757,0.0376694139420738
0.0280060282264237,0.971657643668865,0.00033632810471096
0.00743010286295616,0.991655415304345,0.000914481832699126
0.83267895189003,0.167319967687745,1.08042222505266e-06
7.02959639799051e-12,0.00644071540263568,0.993559284590335
0.0327128551380097,0.967119232759716,0.00016791210227434
0.0178940160484619,0.979382391689887,0.00272359226165128
0.999975251762922,2.47482370131059e-05,6.51873536149727e-14
2.75392496360729e-05,0.870048244554496,0.129924216195868
3.31153356246844e-12,0.00537182389481045,0.994628176101878
0.99997146242719,2.85375727589287e-05,5.12998829538083e-14
0.999991719884827,8.28011516729598e-06,6.0276375451495e-15
1.10909612631286e-14,0.000408246901907809,0.999591753098081
3.61905684741776e-19,4.42855019936718e-06,0.999995571449801
0.000202577396377058,0.99586447276904,0.00393294983458272
1.5220786696541e-05,0.965066522953747,0.0349182562595568
2.94451678075308e-16,0.000129632261293189,0.999870367738706
0.995427647584368,0.00457235004866362,2.36696837927957e-09
4.49040972638097e-15,0.00027284620017983,0.999727153799816
0.999997496542616,2.50345738367192e-06,4.23830647496081e-16
0.999955296967882,4.47030320014983e-05,1.16159593077541e-13
0.999945802471601,5.41975282039877e-05,1.94976249265305e-13
0.994442335501479,0.00555766377174678,7.26774082080078e-10
0.000254908764462931,0.99385037273043,0.00589471850510721
0.00010120946340293,0.982286591420083,0.0176121991165145
5.39938977325869e-10,0.0361779733502862,0.963822026109775
0.987028870607777,0.0129711284986665,8.93556804471661e-10
1.99314956898244e-10,0.00658385046298603,0.993416149337699
2.89576689306986e-14,0.000884797334615249,0.999115202665356
0.0386242622519639,0.961174217683348,0.000201520064688425
0.976999717958551,0.0230002649988696,1.70425797435977e-08
0.00816849034518448,0.991108587252925,0.00072292240188996
7.78060643514744e-07,0.400431143565046,0.59956807837431
1.55623746373455e-05,0.748637493570291,0.251346944055071
0.999998326150841,1.67384915888746e-06,3.199851355775e-16
5.33604479194353e-08,0.388885473232421,0.611114473407131
0.156934169373888,0.843059226217081,6.6044090310456e-06
0.00136280774801376,0.990018692607187,0.00861849964479967
0.999312362848725,0.000687637142842486,8.43235234642095e-12
5.69960935695601e-12,0.00634587894108709,0.993654121053213
0.999013123811127,0.0009868761333872,5.54853866953828e-11
0.999978129363102,2.18706368665329e-05,3.1758091699442e-14
2.57113471619062e-13,0.00932261447529882,0.990677385524444
6.11546954229136e-07,0.6762706850164,0.323728703436646
0.00057681621921611,0.998383325833689,0.00103985794709493
8.91118935496879e-05,0.985813934593667,0.0140969535127838
0.999996878480845,3.12151915477061e-06,1.77693561958468e-16
1.0742045371383e-11,0.00380398221549367,0.996196017773764
0.988048124994384,0.0119518715111448,3.49447103160945e-09
0.541005004393858,0.458991550941754,3.4446643880597e-06
1.7457456320069e-12,0.00260030890453119,0.997399691093723
8.12519184420745e-12,0.00407662486705003,0.995923375124825
2.68007151532005e-13,0.000974357182374367,0.999025642817358
9.85875211783717e-15,0.00065910404361284,0.999340895956377
5.72874877097567e-05,0.991083870530937,0.0088588419813528
0.999994388027934,5.61197206187266e-06,4.03858402948759e-15
4.01525814571491e-15,0.000187169133008439,0.999812830866988
6.88465803540661e-10,0.0306044554114312,0.969395543900103
8.10309943901873e-12,0.00816448787217938,0.991835512119718
0.999893139992591,0.000106860007184296,2.24563817597123e-13
3.42474306234791e-10,0.0454898173118782,0.954510182345648
4.06210193325391e-05,0.974594628809128,0.0253647501715393
9.30495188698991e-06,0.752712906747572,0.247277788300541
0.000840038944913483,0.998346520752991,0.000813440302095211
0.981926067160817,0.0180739304189212,2.42026164816676e-09
0.000243925976847602,0.998501177215643,0.00125489680750933
0.984092175356372,0.0159078163119044,8.3317237211404e-09
0.999470012134919,0.000529987859535301,5.54526609599124e-12
1.70176795285874e-05,0.972826928888942,0.0271560534315293
0.000148815088525982,0.988777373337393,0.0110738115740808
0.0170340829600938,0.982832939985683,0.000132977054223134
0.999617673338483,0.000382326656382215,5.13450733284998e-12
2.18999664512699e-11,0.00889581231831614,0.991104187659784
1.61589941561744e-13,0.000652260948617263,0.999347739051221
1.25223252001136e-13,0.00502968795973591,0.994970312040139
3.70397754129036e-05,0.998062930108171,0.00190003011641629
1.47310530469313e-12,0.00124713259685265,0.998752867401674
0.999883028913324,0.000116971086207756,4.68226648810579e-13
0.00024381032939497,0.997477604890397,0.00227858478020792
0.985674489036331,0.0143255089067945,2.05687409440022e-09
3.78014335611908e-06,0.972703514228862,0.0272927056277815
4.90533491633134e-07,0.388729444793526,0.611270064672982
0.989082944075914,0.0109170539239999,2.00008570144185e-09
1.42873993193804e-09,0.0223185529629082,0.977681445608352
2.20974173618447e-14,0.000273522993465321,0.999726477006513
0.0107885127245963,0.988170838856873,0.00104064841853064
0.998901312533056,0.00109868741054699,5.63968181213534e-11
1.67106901821859e-11,0.0197736712767317,0.980226328706558
0.99999434204361,5.65795638940302e-06,5.52166655360965e-16
0.999959582985387,4.04170145625933e-05,4.99016891165373e-14
9.36294853356876e-12,0.00456721823351577,0.995432781757121
0.020423757419717,0.979441438290045,0.000134804290237656
3.48768448012724e-06,0.890810221357037,0.109186290958483
3.46108294995013e-12,0.00163988877742764,0.998360111219111
1.45607456925935e-14,0.000508401606678349,0.999491598393307
1.17540281278522e-06,0.226534778539695,0.773464046057493
0.999907922926045,9.20770738104228e-05,1.44812604064052e-13
0.0241290981837379,0.975493803010059,0.000377098806202812
0.999973060643417,2.69393565550816e-05,2.79257294047526e-14
0.000104511451190811,0.974813606775302,0.025081881773507
4.41260149964708e-06,0.767715654011184,0.232279933387316
8.29816379974032e-12,0.00384045786508706,0.996159542126615
0.0249376713797816,0.974944097922113,0.000118230698105134
3.77143175343519e-20,1.75109082212981e-06,0.999998248909178
2.77298539386547e-05,0.943181025242768,0.0567912449032933
0.999882354734138,0.00011764526429167,1.5699852236078e-12
0.984307460036936,0.0156925370434823,2.91958193767068e-09
0.000759591550402149,0.998367211665998,0.000873196783599784
0.000339518028268951,0.99485658760149,0.00480389437024063
0.947908951346881,0.0520910004358856,4.82172328875764e-08
4.2611650058694e-10,0.0582962582537789,0.941703741320104
1.70286851957423e-09,0.0237179585905416,0.97628203970659
0.630500268032496,0.36949912079899,6.11168514078405e-07
7.25198828348748e-11,0.0127084312703333,0.987291568657147
0.999984768617825,1.52313821591852e-05,1.60968121557782e-14
0.99471300185197,0.00528699796325174,1.84778185664682e-10
1.1096047117441e-11,0.00846603226832457,0.991533967720579
0.000146069193517247,0.979687559632674,0.0201663711738085
1.47148345080469e-07,0.231907208800524,0.768092644051131
6.5781025949916e-07,0.713919393536427,0.286079948653314
0.999371571205261,0.000628428780745616,1.3993855868525e-11
1.55258385318711e-07,0.101455637510321,0.898544207231293
7.1708303322811e-14,0.00169230100896158,0.998307698990967
1.0183580675602e-13,0.000610029453700509,0.999389970546198
1.77364837108562e-12,0.00296161098495746,0.997038389013269
2.79391666307014e-06,0.854732081248274,0.145265124835063
0.999998781357449,1.21864255132695e-06,5.2288063495603e-17
8.86081694575057e-05,0.998529480207986,0.00138191162255629
5.25598928819412e-12,0.00281124618297937,0.997188753811765
2.94847658364466e-05,0.991086087846581,0.00888442738758285
7.40870272863759e-05,0.949700560173849,0.0502253527988649
9.26152636682184e-07,0.43241254647567,0.567586527371693
3.2481645873002e-16,8.87819915982671e-05,0.999911218008401
0.999316975539183,0.000683024452053013,8.7638479287073e-12
1.58993957173135e-06,0.493537516733954,0.506460893326474
0.995630110329286,0.00436988943596203,2.34752364000662e-10
0.000343036349073132,0.993369281737119,0.00628768191380796
5.23806721453809e-10,0.0750534086006074,0.924946590875586
0.00103015009133324,0.998416505604179,0.000553344304487757
0.99999346110716,6.53889283614472e-06,3.76125641826831e-15
2.17011688334216e-20,3.10026711744075e-06,0.999996899732883
0.00420992150449444,0.991611455536516,0.00417862295898925
1.48637902148232e-06,0.454558383119401,0.545440130501577
2.7594542972261e-17,4.78455331380404e-05,0.999952154466862
0.999092905761916,0.000907094214804505,2.32796261736862e-11
5.67667262479772e-13,0.00819880888524066,0.991801191114192
5.14084804217342e-13,0.00126755931603739,0.998732440683449
0.00184974919959635,0.996707862038474,0.00144238876192938
0.000100129910565021,0.960335220710867,0.0395646493785682
0.999750425652301,0.000249574345481908,2.21681153891834e-12
0.904195458180185,0.0958042834779751,2.58341840019173e-07
0.999703137071829,0.000296862924684692,3.48600835166028e-12
2.29399999579547e-10,0.0107830790534716,0.989216920717128
9.80866335429732e-07,0.878271767806386,0.121727251327278
0.785695028370585,0.2143047597664,2.11863015534742e-07
0.00232061046992235,0.995310758876497,0.00236863065358027
2.36735005966005e-06,0.948819702142,0.05117793050794
3.11337303887784e-10,0.0165463776089088,0.983453622079754
1.57107094521766e-06,0.655578329135994,0.34442009979306
0.000282008765917499,0.973654946100115,0.026063045133967
1.89808282760894e-13,0.00288104519041049,0.9971189548094
0.945470447698641,0.0545294882105896,6.4090769318865e-08
1.3816937408896e-11,0.00659022935329808,0.993409770632885
0.000232046024624532,0.99735328492082,0.00241466905455576
0.984818799243166,0.0151811974836991,3.2731349563292e-09
0.99938659266451,0.000613407323161379,1.23282994700194e-11
1.8298194707017e-09,0.026923242650548,0.973076755519632
1.4970661638954e-11,0.0179840212893276,0.982015978695702
1.49795706041177e-14,0.0018165873690392,0.998183412630946
0.977970921570966,0.0220290497709825,2.86580512652486e-08
0.000347758264019682,0.975791529355778,0.0238607123802019
0.999926148681753,7.38513180014635e-05,2.45551610129427e-13
0.283255185851647,0.71671418366572,3.06304826333612e-05
4.13803020134297e-14,0.00013466918819285,0.999865330811766
0.132937048918876,0.867014905605804,4.8045475320586e-05
0.00958037227086494,0.990125905592561,0.000293722136573753
0.999998407344979,1.59265502071062e-06,1.6948766156778e-16
9.21316707437963e-26,1.03203692126247e-08,0.999999989679631
0.999024587095327,0.000975412871039999,3.36328076822944e-11
5.32774851583178e-05,0.982858388116367,0.0170883343984743
0.00183601840064208,0.995493341450009,0.00267064014934855
0.000831119682068411,0.967273866291804,0.0318950140261276
0.99450690683757,0.00549309274788496,4.1454539057174e-10
2.99834141400718e-13,0.000345555139334138,0.999654444860366
0.99964308512871,0.000356914866936352,4.35420230133916e-12
6.16898322051895e-14,0.000590990496002477,0.999409009503936
4.29356492725938e-06,0.561421577849527,0.438574128585546
0.00272540486659921,0.994424323226037,0.00285027190736333
0.969180487996084,0.0308194648461666,4.71577490967127e-08
0.000710935386001084,0.99610784371669,0.00318122089730875
4.13948400106597e-07,0.590437931698594,0.409561654353006
4.93694664706303e-06,0.343952551083332,0.656042511970021
5.60543761906227e-06,0.858281921835804,0.141712472726577
9.84434277309319e-05,0.992960805176791,0.00694075139547812
8.72536608097427e-15,0.000487538956659842,0.999512461043331
0.999986990533436,1.30094665438704e-05,1.95735952762514e-14
1.52837179692544e-06,0.48998347925709,0.510014992371113
0.999999577157657,4.22842342691246e-07,3.24099249052256e-18
1.14610857577744e-14,0.000544826233255423,0.999455173766733
2.16879745662476e-06,0.940531110850271,0.0594667203522723
0.976774422672765,0.0232255706514917,6.67574360298727e-09
0.0806896369921918,0.919279944050418,3.04189573902825e-05
0.0279458355309525,0.971418575626319,0.00063558884272817
0.995857555450605,0.00414244422709516,3.22299541936485e-10
1.0369644427491e-05,0.833587224029584,0.166402406325989
1.82667656198609e-06,0.884539030092163,0.115459143231275
1.18070712272736e-16,4.90329300999927e-05,0.9999509670699
4.34445450503853e-05,0.829629907611234,0.170326647843715
6.58223168876168e-07,0.9221293509195,0.0778699908573314
0.00755576156239611,0.991135430158747,0.00130880827885665
2.64137229165126e-13,0.00132559187223972,0.998674408127496
1.65512927432188e-08,0.124991515267973,0.875008468180734
0.741617488304528,0.258380956887311,1.55480816188901e-06
0.997955552619087,0.00204444733103547,4.98778357422719e-11
0.999965293294938,3.47067050413397e-05,2.05571001374595e-14
8.27138872482049e-09,0.474128169686347,0.525871822042265
2.06530887179958e-14,0.000371638581671419,0.999628361418308
0.981244614497155,0.0187553698421179,1.56607269125257e-08
0.000220815268762039,0.998218292650232,0.00156089208100598
0.999780606017385,0.000219393981600583,1.01402683666899e-12
1.0758139410247e-11,0.0220970218997571,0.977902978089485
7.96442353966792e-08,0.545130373963175,0.454869546392589
0.968248776010619,0.031751210810067,1.31793140482699e-08
1.36694588185543e-08,0.362699023060289,0.637300963270252
0.968027050819178,0.0319729378652897,1.131553234352e-08
3.99255471733542e-07,0.297412760900049,0.702586839844479
2.09812596084016e-11,0.00530861340459904,0.99469138657442
0.0241275300499767,0.975839496559031,3.29733909919817e-05
0.000301959068266546,0.986166518980244,0.0135315219514897
1.16633653759929e-15,0.000115937295230637,0.999884062704768
5.5197850567524e-08,0.181458636278946,0.818541308523203
0.00498720419266043,0.994978948477097,3.3847330242845e-05
0.999995285720466,4.71427953278631e-06,1.58675809574214e-15
0.999973478368402,2.65216315629986e-05,3.53493890333181e-14
4.22725374258161e-15,0.000111041542968295,0.999888958457028
0.000308278785004889,0.993729320084808,0.0059624011301871
2.22072215648032e-10,0.05271138274868,0.947288617029248
0.993166534670689,0.00683346385348107,1.47582954184385e-09
0.99999833390218,1.66609781982104e-06,5.54820315917623e-17
0.000818136115750674,0.997162874558137,0.0020189893261122
1.11543026327133e-14,0.000172848520722124,0.999827151479267
5.28312397086546e-05,0.992156143700496,0.007791025059795
0.948223211472043,0.0517766632084705,1.2531948597136e-07
3.75532093775012e-07,0.396687320979409,0.603312303488497
0.999977288834005,2.27111659695414e-05,2.5857418317739e-14
0.00137547504696754,0.998142296461372,0.00048222849166072
0.748421478313005,0.251574108784979,4.41290201589183e-06
0.000350529550317081,0.986962905641911,0.0126865648077716
0.952527554268847,0.0474724047789237,4.09522287046466e-08
1.67512884833698e-06,0.729843902603285,0.270154422267866
0.912287987432317,0.0877117730865787,2.39481104412849e-07
0.875518691907201,0.124481021152087,2.86940711916099e-07
0.971077931736326,0.028922042803759,2.54599152636832e-08
2.53567770958991e-05,0.975317654190628,0.0246569890322765
0.000421382950195277,0.998453967873459,0.00112464917634606
0.00277936867960001,0.99655153608289,0.000669095237509764
0.000122611498185142,0.982195816787681,0.0176815717141342
1.16196517424794e-18,5.24891140115555e-06,0.999994751088599
0.999845476098754,0.000154523898122983,3.12309832382833e-12
0.188693287340889,0.81130127082578,5.44183333007254e-06
1.952444868906e-07,0.244740953662178,0.755258851093335
0.87731139814089,0.12268810724499,4.94614120212103e-07
8.81459403031361e-12,0.0154544117211789,0.984545588270006
0.00886163306755277,0.991049052917163,8.93140152840882e-05
0.947160157387157,0.05283980132239,4.12904529749567e-08
7.99127773244058e-08,0.282177144502638,0.717822775584585
8.06338036723672e-08,0.236852932925116,0.76314698644108
1.17575190039969e-12,0.00150864133575468,0.998491358663069
2.67931299683378e-06,0.869322044286486,0.130675276400517
0.000209352034770542,0.982145579534678,0.0176450684305517
1.55279091119788e-11,0.00604034935509176,0.99395965062938
0.00027135499779183,0.99653827020433,0.00319037479787853
0.00018228366732938,0.975578235550538,0.024239480782133
0.999483666438028,0.000516333553984345,7.98756802247721e-12
0.918264716195389,0.0817351591184102,1.24686201172946e-07
4.57478720281263e-15,0.00087612520036592,0.999123874799629
0.0282485327172266,0.971702740708625,4.87265741485313e-05
2.6351092944104e-16,4.59415899458368e-05,0.999954058410054
0.999602489660347,0.000397510336240711,3.41258215741944e-12
0.346313958753058,0.653601956202473,8.40850444694017e-05
8.42342117752583e-14,0.000430732508560773,0.999569267491355
0.977004958053427,0.02299501727261,2.4673962523857e-08
0.00409182001692732,0.989827986683043,0.00608019330002988
0.999907742358756,9.22576407865829e-05,4.57630111546954e-13
2.33615177137526e-11,0.0100228089170823,0.989977191059556
0.99933824880014,0.00066175114727964,5.25798193206965e-11
0.829484229824783,0.170515414948093,3.55227123834258e-07
5.39629440223356e-17,6.150842345332e-05,0.999938491576547
1.88167685460272e-09,0.0817757775064711,0.918224220611852
6.30549488930458e-17,1.79123196441678e-05,0.999982087680356
0.0358084128115661,0.96412447102939,6.7116159043667e-05
3.57537570575865e-11,0.0123131667295257,0.987686833234721
5.11922178198982e-18,4.39176311855838e-06,0.999995608236881
4.08306998551789e-06,0.911318662702853,0.0886772542271618
0.935726339853685,0.0642735579304826,1.02215832282241e-07
0.000247032395383102,0.989225174584282,0.0105277930203345
6.89506907085221e-13,0.00705738678665519,0.992942613212655
3.66065818284517e-13,0.00347666174849694,0.996523338251137
0.998201809155347,0.00179819074022303,1.04430044973769e-10
0.633651469796442,0.366348203927583,3.26275974968595e-07
8.92680433750611e-08,0.236876289462866,0.76312362126909
1.01920470415279e-16,5.50899729804246e-05,0.999944910027019
7.62378103300369e-14,0.00170374363545372,0.99829625636447
9.74954173625196e-15,0.00090177389730539,0.999098226102685
0.922097492866308,0.0779024029227766,1.04210915288966e-07
9.28239251088904e-08,0.151401220632583,0.848598686543492
0.991468338246453,0.00853165945080525,2.30274174450654e-09
0.999996496948304,3.50305169536153e-06,1.10945807626012e-15
0.00469334779389295,0.995067326161649,0.000239326044458149
0.0137517805522354,0.98618725870531,6.09607424551033e-05
1.42704954159181e-07,0.0931879757612387,0.906811881533807
0.000790678496387583,0.997090122536187,0.00211919896742555
2.88396908378588e-13,0.000344125432428547,0.999655874567283
4.74079451900715e-13,0.00201173241403565,0.99798826758549
9.30035656777138e-07,0.634017675002061,0.365981394962283
0.909609275238895,0.0903903951953921,3.29565712981948e-07
0.00365530784924135,0.995530645135939,0.000814047014819995
0.99533979263842,0.00466020693322646,4.28353709744352e-10
0.012913349172901,0.986814673009338,0.000271977817761312
5.84281546223644e-12,0.00199849784624026,0.998001502147917
0.999998958044264,1.04195573650786e-06,7.585704619404e-17
2.12226156094076e-07,0.31001281892023,0.689986968853614
1.67631409617467e-17,5.4404702464256e-05,0.999945595297536
0.000973619957394805,0.994894199176773,0.00413218086583254
0.000119876454895404,0.987180863119823,0.0126992604252821
0.0118968867357933,0.98691230899622,0.00119080426798644
6.31739262064867e-10,0.0363536884662731,0.963646310901988
0.999386697754774,0.000613302232768587,1.24576545773578e-11
2.5553540886429e-05,0.808129006518079,0.191845439941034
1.36945109151316e-10,0.0126768760247311,0.987323123838324
0.999992897867583,7.10213241621997e-06,1.07185484639723e-15
0.999991005604946,8.99439504850456e-06,5.28834678843721e-15
0.251724924378648,0.748244922890348,3.01527310041447e-05
0.126973328350705,0.872954455755866,7.22158934288522e-05
3.71751363094651e-12,0.016093805673366,0.983906194322916
0.999999968736076,3.12639234894422e-08,1.07384188786477e-19
9.42532659434453e-09,0.0213075694506029,0.978692421124071
0.997820130219995,0.00217986949618993,2.83815229681113e-10
1.01100998634842e-11,0.00670480000029013,0.9932951999896
1.79558384672435e-13,0.00458719494401282,0.995412805055808
0.999265166921732,0.00073483307043844,7.82996048146521e-12
0.996114575104961,0.00388542424677745,6.48261773202331e-10
2.59290108832302e-06,0.927275943126934,0.072721463971978
0.996969636635319,0.00303036305765129,3.07029703290233e-10
0.996779626437269,0.00322037330396917,2.58761563497986e-10
0.995147457651185,0.0048525411655139,1.18330114639155e-09
7.233638125172e-14,0.000709657803769913,0.999290342196158
1.86445765948256e-10,0.00691684966484024,0.993083150148714
1.95685232980966e-05,0.958328998933311,0.0416514325433914
5.80256560053749e-05,0.84851330354259,0.151428670801405
3.09983250502275e-07,0.330831984255344,0.669167705761405
2.77527667977229e-06,0.661611121921937,0.338386102801383
0.999862150732434,0.000137849266880731,6.85362032629287e-13
0.999958747030043,4.1252969761112e-05,1.96081338873946e-13
1.29875260962603e-15,0.000274755151591496,0.999725244848407
0.999890957101975,0.000109042897774021,2.51504721324843e-13
0.386145457462567,0.6138530046171,1.53792033285925e-06
0.999838932124396,0.000161067873650029,1.95337103884089e-12
4.58211505499887e-14,0.000879280446714892,0.999120719553239
1.53508015999614e-12,0.0193170990997603,0.980682900898704
0.996374738230061,0.00362526131971427,4.5022439304241e-10
0.000257175310741526,0.997183684336549,0.00255914035270918
5.75327622877559e-18,1.15007376014743e-05,0.999988499262399
0.999941569448952,5.8430550911686e-05,1.35858639201997e-13
0.0121103175934972,0.987649628332567,0.000240054073935918
9.98409775428523e-12,0.00478624857810186,0.995213751411914
5.73364552181054e-05,0.980175069129796,0.0197675944149857
2.00473799913461e-05,0.917339975282059,0.0826399773379498
7.11458634429157e-05,0.990590722450125,0.00933813168643155
0.760584597092185,0.239414727820144,6.75087671243669e-07
0.208842052776894,0.791133106021848,2.48412012575999e-05
2.15086580063996e-10,0.0341046719907299,0.965895327794183
3.50303509613958e-10,0.00979637508430047,0.990203624565396
0.999757270719448,0.000242729277391277,3.16034299360472e-12
0.999888042287723,0.000111957711765164,5.11594112350089e-13
0.999644265225284,0.00035573477208705,2.6289103548089e-12
2.542133973997e-07,0.836223465144208,0.163776280642395
